3890909
2787985
4900088
1989000
89076
2887685
7559090
2887460
2887685
6699001
9675654
1119002
5000882
8888902
5890779
7333403
2999900
6987612
8888902
8006832
5555902
9873330
8888902
5909887
2389076
1119000
3890909
2787985
4900088
1989000
89076
2887685
7559090
2887460
2887685
6699001
9675654
1119002
5000882
8888902
5890779
7333403
2999900
6987612
8888902
8006832
5555902
9873330
8888902
5909887
2389076
1119000
3890909
2787985
4900088
1989000
89076
2887685
7559090
2887460
2887685
6699001
9675654
1119002
5000882
8888902
5890779
7333403
2999900
6987612
8888902
8006832
5555902
9873330
8888902
5909887
2389076
1119000
3890909
2787985
4900088
1989000
89076
2887685
7559090
2887460
2887685
6699001
9675654
1119002
5000882
8888902
5890779
7333403
2999900
6987612
8888902
8006832
5555902
9873330
8888902
5909887
2389076
1119000
3890909
2787985
4900088
1989000
89076
2887685
7559090
2887460
2887685
6699001
9675654
1119002
5000882
8888902
5890779
7333403
2999900
6987612
8888902
8006832
5555902
9873330
8888902
5909887
2389076
1119000
3890909
2787985
4900088
1989000
89076
2887685
7559090
2887460
2887685
6699001
9675654
1119002
5000882
8888902
5890779
7333403
2999900
6987612
8888902
8006832
5555902
9873330
8888902
5909887
2389076
1119000
3890909
2787985
4900088
1989000
89076
2887685
7559090
2887460
2887685
6699001
9675654
1119002
5000882
8888902
5890779
7333403
2999900
6987612
8888902
8006832
5555902
9873330
8888902
5909887
2389076
1119000
3890909
2787985
4900088
1989000
89076
2887685
7559090
2887460
2887685
6699001
9675654
1119002
5000882
8888902
5890779
7333403
2999900
6987612
8888902
8006832
5555902
9873330
8888902
5909887
2389076
1119000
3890909
2787985
4900088
1989000
89076
2887685
7559090
2887460
2887685
6699001
9675654
1119002
5000882
8888902
5890779
7333403
2999900
6987612
8888902
8006832
5555902
9873330
8888902
5909887
2389076
1119000
3890909
2787985
4900088
1989000
89076
2887685
7559090
2887460
2887685
6699001
9675654
1119002
5000882
8888902
5890779
7333403
2999900
6987612
8888902
8006832
5555902
9873330
8888902
5909887
2389076
1119000
3890909
2787985
4900088
1989000
89076
2887685
7559090
2887460
2887685
6699001
9675654
1119002
5000882
8888902
5890779
7333403
2999900
6987612
8888902
8006832
5555902
9873330
8888902
5909887
2389076
1119000
3890909
2787985
4900088
1989000
89076
2887685
7559090
2887460
2887685
6699001
9675654
1119002
5000882
8888902
5890779
7333403
2999900
6987612
8888902
8006832
5555902
9873330
8888902
5909887
2389076
1119000
3890909
2787985
4900088
1989000
89076
2887685
7559090
2887460
2887685
6699001
9675654
1119002
5000882
8888902
5890779
7333403
2999900
6987612
8888902
8006832
5555902
9873330
8888902
5909887
2389076
1119000
3890909
2787985
4900088
1989000
89076
2887685
7559090
2887460
2887685
6699001
9675654
1119002
5000882
8888902
5890779
7333403
2999900
6987612
8888902
8006832
5555902
9873330
8888902
5909887
2389076
1119000
3890909
2787985
4900088
1989000
89076
2887685
7559090
2887460
2887685
6699001
9675654
1119002
5000882
8888902
5890779
7333403
2999900
6987612
8888902
8006832
5555902
9873330
8888902
5909887
2389076
1119000
3890909
2787985
4900088
1989000
89076
2887685
7559090
2887460
2887685
6699001
9675654
1119002
5000882
8888902
5890779
7333403
2999900
6987612
8888902
8006832
5555902
9873330
8888902
5909887
2389076
1119000
3890909
2787985
4900088
1989000
89076
2887685
7559090
2887460
2887685
6699001
9675654
1119002
5000882
8888902
5890779
7333403
2999900
6987612
8888902
8006832
5555902
9873330
8888902
5909887
2389076
1119000
3890909
2787985
4900088
1989000
89076
2887685
7559090
2887460
2887685
6699001
9675654
1119002
5000882
8888902
5890779
7333403
2999900
6987612
8888902
8006832
5555902
9873330
8888902
5909887
2389076
1119000
3890909
2787985
4900088
1989000
89076
2887685
7559090
2887460
2887685
6699001
9675654
1119002
5000882
8888902
5890779
7333403
2999900
6987612
8888902
8006832
5555902
9873330
8888902
5909887
2389076
1119000
3890909
2787985
4900088
1989000
89076
2887685
7559090
2887460
2887685
6699001
9675654
1119002
5000882
8888902
5890779
7333403
2999900
6987612
8888902
8006832
5555902
9873330
8888902
5909887
2389076
1119000
3890909
2787985
4900088
1989000
89076
2887685
7559090
2887460
2887685
6699001
9675654
1119002
5000882
8888902
5890779
7333403
2999900
6987612
8888902
8006832
5555902
9873330
8888902
5909887
2389076
1119000
3890909
2787985
4900088
1989000
89076
2887685
7559090
2887460
2887685
6699001
9675654
1119002
5000882
8888902
5890779
7333403
2999900
6987612
8888902
8006832
5555902
9873330
8888902
5909887
2389076
1119000
3890909
2787985
4900088
1989000
89076
2887685
7559090
2887460
2887685
6699001
9675654
1119002
5000882
8888902
5890779
7333403
2999900
6987612
8888902
8006832
5555902
9873330
8888902
5909887
2389076
1119000
3890909
2787985
4900088
1989000
89076
2887685
7559090
2887460
2887685
6699001
9675654
1119002
5000882
8888902
5890779
7333403
2999900
6987612
8888902
8006832
5555902
9873330
8888902
5909887
2389076
1119000
3890909
2787985
4900088
1989000
89076
2887685
7559090
2887460
2887685
6699001
9675654
1119002
5000882
8888902
5890779
7333403
2999900
6987612
8888902
8006832
5555902
9873330
8888902
5909887
2389076
1119000
3890909
2787985
4900088
1989000
89076
2887685
7559090
2887460
2887685
6699001
9675654
1119002
5000882
8888902
5890779
7333403
2999900
6987612
8888902
8006832
5555902
9873330
8888902
5909887
2389076
1119000
3890909
2787985
4900088
1989000
89076
2887685
7559090
2887460
2887685
6699001
9675654
1119002
5000882
8888902
5890779
7333403
2999900
6987612
8888902
8006832
5555902
9873330
8888902
5909887
2389076
1119000
3890909
2787985
4900088
1989000
89076
2887685
7559090
2887460
2887685
6699001
9675654
1119002
5000882
8888902
5890779
7333403
2999900
6987612
8888902
8006832
5555902
9873330
8888902
5909887
2389076
1119000
3890909
2787985
4900088
1989000
89076
2887685
7559090
2887460
2887685
6699001
9675654
1119002
5000882
8888902
5890779
7333403
2999900
6987612
8888902
8006832
5555902
9873330
8888902
5909887
2389076
1119000
3890909
2787985
4900088
1989000
89076
2887685
7559090
2887460
2887685
6699001
9675654
1119002
5000882
8888902
5890779
7333403
2999900
6987612
8888902
8006832
5555902
9873330
8888902
5909887
2389076
1119000
3890909
2787985
4900088
1989000
89076
2887685
7559090
2887460
2887685
6699001
9675654
1119002
5000882
8888902
5890779
7333403
2999900
6987612
8888902
8006832
5555902
9873330
8888902
5909887
2389076
1119000
3890909
2787985
4900088
1989000
89076
2887685
7559090
2887460
2887685
6699001
9675654
1119002
5000882
8888902
5890779
7333403
2999900
6987612
8888902
8006832
5555902
9873330
8888902
5909887
2389076
1119000
3890909
2787985
4900088
1989000
89076
2887685
7559090
2887460
2887685
6699001
9675654
1119002
5000882
8888902
5890779
7333403
2999900
6987612
8888902
8006832
5555902
9873330
8888902
5909887
2389076
1119000
3890909
2787985
4900088
1989000
89076
2887685
7559090
2887460
2887685
6699001
9675654
1119002
5000882
8888902
5890779
7333403
2999900
6987612
8888902
8006832
5555902
9873330
8888902
5909887
2389076
1119000
3890909
2787985
4900088
1989000
89076
2887685
7559090
2887460
2887685
6699001
9675654
1119002
5000882
8888902
5890779
7333403
2999900
6987612
8888902
8006832
5555902
9873330
8888902
5909887
2389076
1119000
3890909
2787985
4900088
1989000
89076
2887685
7559090
2887460
2887685
6699001
9675654
1119002
5000882
8888902
5890779
7333403
2999900
6987612
8888902
8006832
5555902
9873330
8888902
5909887
2389076
1119000
3890909
2787985
4900088
1989000
89076
2887685
7559090
2887460
2887685
6699001
9675654
1119002
5000882
8888902
5890779
7333403
2999900
6987612
8888902
8006832
5555902
9873330
8888902
5909887
2389076
1119000
3890909
2787985
4900088
1989000
89076
2887685
7559090
2887460
2887685
6699001
9675654
1119002
5000882
8888902
5890779
7333403
2999900
6987612
8888902
8006832
5555902
9873330
8888902
5909887
2389076
1119000
3890909
2787985
4900088
1989000
89076
2887685
7559090
2887460
2887685
6699001
9675654
1119002
5000882
8888902
5890779
7333403
2999900
6987612
8888902
8006832
5555902
9873330
8888902
5909887
2389076
1119000
3890909
2787985
4900088
1989000
89076
2887685
7559090
2887460
2887685
6699001
9675654
1119002
5000882
8888902
5890779
7333403
2999900
6987612
8888902
8006832
5555902
9873330
8888902
5909887
2389076
1119000
3890909
2787985
4900088
1989000
89076
2887685
7559090
2887460
2887685
6699001
9675654
1119002
5000882
8888902
5890779
7333403
2999900
6987612
8888902
8006832
5555902
9873330
8888902
5909887
2389076
1119000
3890909
2787985
4900088
1989000
89076
2887685
7559090
2887460
2887685
6699001
9675654
1119002
5000882
8888902
5890779
7333403
2999900
6987612
8888902
8006832
5555902
9873330
8888902
5909887
2389076
1119000
3890909
2787985
4900088
1989000
89076
2887685
7559090
2887460
2887685
6699001
9675654
1119002
5000882
8888902
5890779
7333403
2999900
6987612
8888902
8006832
5555902
9873330
8888902
5909887
2389076
1119000
3890909
2787985
4900088
1989000
89076
2887685
7559090
2887460
2887685
6699001
9675654
1119002
5000882
8888902
5890779
7333403
2999900
6987612
8888902
8006832
5555902
9873330
8888902
5909887
2389076
1119000
